// utf/tr_utf8_cp037.txt
//
// 256 code points.
// 3 states, 194 columns, 810 bytes
//
const unsigned char tr_cp037_itt[256] =
{
       0,   1,   2,   3,   4,   5,   6,   7,    8,   9,  10,  11,  12,  13,  14,  15,
      16,  17,  18,  19,  20,  21,  22,  23,   24,  25,  26,  27,  28,  29,  30,  31,
      32,  33,  34,  35,  36,  37,  38,  39,   40,  41,  42,  43,  44,  45,  46,  47,
      48,  49,  50,  51,  52,  53,  54,  55,   56,  57,  58,  59,  60,  61,  62,  63,
      64,  65,  66,  67,  68,  69,  70,  71,   72,  73,  74,  75,  76,  77,  78,  79,
      80,  81,  82,  83,  84,  85,  86,  87,   88,  89,  90,  91,  92,  93,  94,  95,
      96,  97,  98,  99, 100, 101, 102, 103,  104, 105, 106, 107, 108, 109, 110, 111,
     112, 113, 114, 115, 116, 117, 118, 119,  120, 121, 122, 123, 124, 125, 126, 127,

     128, 129, 130, 131, 132, 133, 134, 135,  136, 137, 138, 139, 140, 141, 142, 143,
     144, 145, 146, 147, 148, 149, 150, 151,  152, 153, 154, 155, 156, 157, 158, 159,
     160, 161, 162, 163, 164, 165, 166, 167,  168, 169, 170, 171, 172, 173, 174, 175,
     176, 177, 178, 179, 180, 181, 182, 183,  184, 185, 186, 187, 188, 189, 190, 191,
      26,  26, 192, 193,  26,  26,  26,  26,   26,  26,  26,  26,  26,  26,  26,  26,
      26,  26,  26,  26,  26,  26,  26,  26,   26,  26,  26,  26,  26,  26,  26,  26,
      26,  26,  26,  26,  26,  26,  26,  26,   26,  26,  26,  26,  26,  26,  26,  26,
      26,  26,  26,  26,  26,  26,  26,  26,   26,  26,  26,  26,  26,  26,  26,  26

};

const unsigned short tr_cp037_sot[3] =
{
        0,  134,  204
};

const unsigned short tr_cp037_sbt[274] =
{
     128,   3,   4,   5,   6,  58,  48,  49,   50,  25,   8,  40,  14,  15,  16,  17,
      18,  19,  20,  21,  22,  63,  64,  53,   41,  27,  28,  66,  42,  31,  32,  33,
      34,  67,  93, 130, 126,  94, 111,  83,  128,  80,  96,  95,  81, 110,  99,  78,
     100, 243, 244, 245, 246, 247, 248, 249,  250, 251, 252, 125,  97,  79, 129, 113,
     114, 127, 196, 197, 198, 199, 200, 201,  202, 203, 204, 212, 213, 214, 215, 216,
     217, 218, 219, 220, 229, 230, 231, 232,  233, 234, 235, 236, 189, 227, 190, 179,
     112, 124, 132, 133, 134, 135, 136, 137,  138, 139, 140, 148, 149, 150, 151, 152,
     153, 154, 155, 156, 165, 166, 167, 168,  169, 170, 171, 172, 195,  82, 211, 164,
      10,  64,  66, 254,   1,   2, 127,  66,  191,  66,  35,  36,  37,  38,  39,  24,
       9,  26,  43,  44,  45,  46,  47,  12,   13,  30,  51,  52,  29,  54,  55,  56,
      57,  11,  59,  60,  61,  62,   7,  23,   65, 258,  68, 173,  77, 180, 162, 181,
     109, 184, 192, 183, 157, 141,  98, 205,  178, 191, 147, 146, 237, 253, 193, 163,
     185, 182, 160, 221, 158, 142, 186, 187,  188, 174,   2,  66, 127,  66, 191,  66,
     103, 104, 101, 105, 102, 106, 161, 107,  119, 116, 117, 118, 123, 120, 121, 122,
     175, 108, 240, 241, 238, 242, 239, 194,  131, 256, 257, 254, 255, 176, 177,  92,
      71,  72,  69,  73,  70,  74, 159,  75,   87,  84,  85,  86,  91,  88,  89,  90,
     143,  76, 208, 209, 206, 210, 207, 228,  115, 224, 225, 222, 223, 144, 145, 226,
       2,  66
};

// utf/tr_utf8_cp273.txt
//
// 256 code points.
// 3 states, 194 columns, 810 bytes
//
const unsigned char tr_cp273_itt[256] =
{
       0,   1,   2,   3,   4,   5,   6,   7,    8,   9,  10,  11,  12,  13,  14,  15,
      16,  17,  18,  19,  20,  21,  22,  23,   24,  25,  26,  27,  28,  29,  30,  31,
      32,  33,  34,  35,  36,  37,  38,  39,   40,  41,  42,  43,  44,  45,  46,  47,
      48,  49,  50,  51,  52,  53,  54,  55,   56,  57,  58,  59,  60,  61,  62,  63,
      64,  65,  66,  67,  68,  69,  70,  71,   72,  73,  74,  75,  76,  77,  78,  79,
      80,  81,  82,  83,  84,  85,  86,  87,   88,  89,  90,  91,  92,  93,  94,  95,
      96,  97,  98,  99, 100, 101, 102, 103,  104, 105, 106, 107, 108, 109, 110, 111,
     112, 113, 114, 115, 116, 117, 118, 119,  120, 121, 122, 123, 124, 125, 126, 127,

     128, 129, 130, 131, 132, 133, 134, 135,  136, 137, 138, 139, 140, 141, 142, 143,
     144, 145, 146, 147, 148, 149, 150, 151,  152, 153, 154, 155, 156, 157, 158, 159,
     160, 161, 162, 163, 164, 165, 166, 167,  168, 169, 170, 171, 172, 173, 174, 175,
     176, 177, 178, 179, 180, 181, 182, 183,  184, 185, 186, 187, 188, 189, 190, 191,
      26,  26, 192, 193,  26,  26,  26,  26,   26,  26,  26,  26,  26,  26,  26,  26,
      26,  26,  26,  26,  26,  26,  26,  26,   26,  26,  26,  26,  26,  26,  26,  26,
      26,  26,  26,  26,  26,  26,  26,  26,   26,  26,  26,  26,  26,  26,  26,  26,
      26,  26,  26,  26,  26,  26,  26,  26,   26,  26,  26,  26,  26,  26,  26,  26

};

const unsigned short tr_cp273_sot[3] =
{
        0,  134,  204
};

const unsigned short tr_cp273_sbt[274] =
{
     128,   3,   4,   5,   6,  58,  48,  49,   50,  25,   8,  40,  14,  15,  16,  17,
      18,  19,  20,  21,  22,  63,  64,  53,   41,  27,  28,  66,  42,  31,  32,  33,
      34,  67,  82, 130, 126,  94, 111,  83,  128,  80,  96,  95,  81, 110,  99,  78,
     100, 243, 244, 245, 246, 247, 248, 249,  250, 251, 252, 125,  97,  79, 129, 113,
     114, 184, 196, 197, 198, 199, 200, 201,  202, 203, 204, 212, 213, 214, 215, 216,
     217, 218, 219, 220, 229, 230, 231, 232,  233, 234, 235, 236, 102, 239, 255,  98,
     112, 124, 132, 133, 134, 135, 136, 137,  138, 139, 140, 148, 149, 150, 151, 152,
     153, 154, 155, 156, 165, 166, 167, 168,  169, 170, 171, 172,  70, 190, 223,  92,
      10,  64,  66, 254,   1,   2, 127,  66,  191,  66,  35,  36,  37,  38,  39,  24,
       9,  26,  43,  44,  45,  46,  47,  12,   13,  30,  51,  52,  29,  54,  55,  56,
      57,  11,  59,  60,  61,  62,   7,  23,   65, 258,  68, 173, 179, 180, 162, 181,
     207, 127, 192, 183, 157, 141, 189, 205,  178, 191, 147, 146, 237, 253, 193, 163,
     185, 182, 160, 221, 158, 142, 186, 187,  188, 174,   2,  66, 127,  66, 191,  66,
     103, 104, 101, 105,  77, 106, 161, 107,  119, 116, 117, 118, 123, 120, 121, 122,
     175, 108, 240, 241, 238, 242, 227, 194,  131, 256, 257, 254,  93, 176, 177, 164,
      71,  72,  69,  73, 195,  74, 159,  75,   87,  84,  85,  86,  91,  88,  89,  90,
     143,  76, 208, 209, 206, 210, 109, 228,  115, 224, 225, 222, 211, 144, 145, 226,
       2,  66
};

// utf/tr_utf8_cp285.txt
//
// 256 code points.
// 5 states, 195 columns, 846 bytes
//
const unsigned char tr_cp285_itt[256] =
{
       0,   1,   2,   3,   4,   5,   6,   7,    8,   9,  10,  11,  12,  13,  14,  15,
      16,  17,  18,  19,  20,  21,  22,  23,   24,  25,  26,  27,  28,  29,  30,  31,
      32,  33,  34,  35,  36,  37,  38,  39,   40,  41,  42,  43,  44,  45,  46,  47,
      48,  49,  50,  51,  52,  53,  54,  55,   56,  57,  58,  59,  60,  61,  62,  63,
      64,  65,  66,  67,  68,  69,  70,  71,   72,  73,  74,  75,  76,  77,  78,  79,
      80,  81,  82,  83,  84,  85,  86,  87,   88,  89,  90,  91,  92,  93,  94,  95,
      96,  97,  98,  99, 100, 101, 102, 103,  104, 105, 106, 107, 108, 109, 110, 111,
     112, 113, 114, 115, 116, 117, 118, 119,  120, 121, 122, 123, 124, 125, 126, 127,

     128, 129, 130, 131, 132, 133, 134, 135,  136, 137, 138, 139, 140, 141, 142, 143,
     144, 145, 146, 147, 148, 149, 150, 151,  152, 153, 154, 155, 156, 157, 158, 159,
     160, 161, 162, 163, 164, 165, 166, 167,  168, 169, 170, 171, 172, 173, 174, 175,
     176, 177, 178, 179, 180, 181, 182, 183,  184, 185, 186, 187, 188, 189, 190, 191,
      26,  26, 192, 193,  26,  26,  26,  26,   26,  26,  26,  26,  26,  26,  26,  26,
      26,  26,  26,  26,  26,  26,  26,  26,   26,  26,  26,  26,  26,  26,  26,  26,
      26,  26, 194,  26,  26,  26,  26,  26,   26,  26,  26,  26,  26,  26,  26,  26,
      26,  26,  26,  26,  26,  26,  26,  26,   26,  26,  26,  26,  26,  26,  26,  26

};

const unsigned short tr_cp285_sot[5] =
{
        0,  135,  205,  275,  282
};

const unsigned short tr_cp285_sbt[290] =
{
     128,   5,   6,   7,   8,  60,  50,  51,   52,  27,  10,  42,  16,  17,  18,  19,
      20,  21,  22,  23,  24,  65,  66,  55,   43,  29,  30,  68,  44,  33,  34,  35,
      36,  69,  95, 132, 128,  79, 113,  85,  130,  82,  98,  97,  83, 112, 101,  80,
     102, 245, 246, 247, 248, 249, 250, 251,  252, 253, 254, 127,  99,  81, 131, 115,
     116, 129, 198, 199, 200, 201, 202, 203,  204, 205, 206, 214, 215, 216, 217, 218,
     219, 220, 221, 222, 231, 232, 233, 234,  235, 236, 237, 238, 182, 229, 192, 191,
     114, 126, 134, 135, 136, 137, 138, 139,  140, 141, 142, 150, 151, 152, 153, 154,
     155, 156, 157, 158, 167, 168, 169, 170,  171, 172, 173, 174, 197,  84, 213, 193,
      12,  64,  68, 253,   1,   2,   3, 127,   68, 191,  68,  37,  38,  39,  40,  41,
      26,  11,  28,  45,  46,  47,  48,  49,   14,  15,  32,  53,  54,  31,  56,  57,
      58,  59,  13,  61,  62,  63,  64,   9,   25,  67, 260,  70, 175, 181,  96, 164,
     183, 111, 186, 194, 185, 159, 143, 100,  207, 180,  68, 149, 148, 239, 255, 195,
     165, 187, 184, 162, 223, 160, 144, 188,  189, 190, 176,   3,  68, 127,  68, 191,
      68, 105, 106, 103, 107, 104, 108, 163,  109, 121, 118, 119, 120, 125, 122, 123,
     124, 177, 110, 242, 243, 240, 244, 241,  196, 133, 258, 259, 256, 257, 178, 179,
      94,  73,  74,  71,  75,  72,  76, 161,   77,  89,  86,  87,  88,  93,  90,  91,
      92, 145,  78, 210, 211, 208, 212, 209,  230, 117, 226, 227, 224, 225, 146, 147,
     228,   3,  68, 127,  68, 254,  68,   4,   66,  68, 127,  68,  63,  68, 255, 166,
       4,  68
};

// utf/tr_utf8_ibm277.txt
//
// 256 code points.
// 3 states, 194 columns, 810 bytes
//
const unsigned char tr_ibm277_itt[256] =
{
       0,   1,   2,   3,   4,   5,   6,   7,    8,   9,  10,  11,  12,  13,  14,  15,
      16,  17,  18,  19,  20,  21,  22,  23,   24,  25,  26,  27,  28,  29,  30,  31,
      32,  33,  34,  35,  36,  37,  38,  39,   40,  41,  42,  43,  44,  45,  46,  47,
      48,  49,  50,  51,  52,  53,  54,  55,   56,  57,  58,  59,  60,  61,  62,  63,
      64,  65,  66,  67,  68,  69,  70,  71,   72,  73,  74,  75,  76,  77,  78,  79,
      80,  81,  82,  83,  84,  85,  86,  87,   88,  89,  90,  91,  92,  93,  94,  95,
      96,  97,  98,  99, 100, 101, 102, 103,  104, 105, 106, 107, 108, 109, 110, 111,
     112, 113, 114, 115, 116, 117, 118, 119,  120, 121, 122, 123, 124, 125, 126, 127,

     128, 129, 130, 131, 132, 133, 134, 135,  136, 137, 138, 139, 140, 141, 142, 143,
     144, 145, 146, 147, 148, 149, 150, 151,  152, 153, 154, 155, 156, 157, 158, 159,
     160, 161, 162, 163, 164, 165, 166, 167,  168, 169, 170, 171, 172, 173, 174, 175,
     176, 177, 178, 179, 180, 181, 182, 183,  184, 185, 186, 187, 188, 189, 190, 191,
      26,  26, 192, 193,  26,  26,  26,  26,   26,  26,  26,  26,  26,  26,  26,  26,
      26,  26,  26,  26,  26,  26,  26,  26,   26,  26,  26,  26,  26,  26,  26,  26,
      26,  26,  26,  26,  26,  26,  26,  26,   26,  26,  26,  26,  26,  26,  26,  26,
      26,  26,  26,  26,  26,  26,  26,  26,   26,  26,  26,  26,  26,  26,  26,  26

};

const unsigned short tr_ibm277_sot[3] =
{
        0,  134,  204
};

const unsigned short tr_ibm277_sbt[274] =
{
     128,   3,   4,   5,   6,  58,  48,  49,   50,  25,   8,  40,  14,  15,  16,  17,
      18,  19,  20,  21,  22,  63,  64,  53,   41,  27,  28,  66,  42,  31,  32,  33,
      34,  67,  82, 130,  77, 106, 111,  83,  128,  80,  96,  95,  81, 110,  99,  78,
     100, 243, 244, 245, 246, 247, 248, 249,  250, 251, 252, 125,  97,  79, 129, 113,
     114, 131, 196, 197, 198, 199, 200, 201,  202, 203, 204, 212, 213, 214, 215, 216,
     217, 218, 219, 220, 229, 230, 231, 232,  233, 234, 235, 236, 161, 227, 162,  98,
     112, 124, 132, 133, 134, 135, 136, 137,  138, 139, 140, 148, 149, 150, 151, 152,
     153, 154, 155, 156, 165, 166, 167, 168,  169, 170, 171, 172, 159, 190,  74, 223,
      10,  64,  66, 254,   1,   2, 127,  66,  191,  66,  35,  36,  37,  38,  39,  24,
       9,  26,  43,  44,  45,  46,  47,  12,   13,  30,  51,  52,  29,  54,  55,  56,
      57,  11,  59,  60,  61,  62,   7,  23,   65, 258,  68, 173, 179, 180,  93, 181,
     115, 184, 192, 183, 157, 141, 189, 205,  178, 191, 147, 146, 237, 253, 193, 163,
     185, 182, 160, 221, 158, 142, 186, 187,  188, 174,   2,  66, 127,  66, 191,  66,
     103, 104, 101, 105, 102,  94, 126, 107,  119, 116, 117, 118, 123, 120, 121, 122,
     175, 108, 240, 241, 238, 242, 239, 194,  127, 256, 257, 254, 255, 176, 177,  92,
      71,  72,  69,  73,  70, 211, 195,  75,   87,  84,  85,  86,  91,  88,  89,  90,
     143,  76, 208, 209, 206, 210, 207, 228,  109, 224, 225, 222, 164, 144, 145, 226,
       2,  66
};

